772
67
67
601
87
237
232
299
12
570
844
630
633
114
475
806
708
341
247
477
846
943
612
518
308
491
696
69
82
700
564
191
403
372
26
646
813
105
205
349
899
1002
931
206
931
287
77
620
952
849
653
248
394
614
563
122
286
923
545
683
141
882
414
113
821
16
872
178
560
564
724
62
338
608
397
105
1001
328
603
895
785
466
656
673
74
634
95
710
683
670
706
679
196
213
905
125
248
897
507
715
895
331
503
132
957
407
219
390
835
515
936
682
824
754
796
205
305
355
562
428
182
336
245
91
351
223
446
225
389
378
442
585
387
961
137
120
391
808
875
588
105
28
507
24
986
445
462
352
292
394
57
223
252
852
857
233
879
154
365
328
572
795
909
979
588
676
883
592
40
64
739
26
790
789
88
875
997
278
552
698
203
664
107
663
481
320
193
409
49
690
557
259
333
459
491
691
539
736
888
169
86
370
287
471
616
123
985
943
917
881
339
612
427
405
432
534
699
123
839
878
579
527
663
1007
218
787
840
391
849
506
414
338
192
204
658
887
482
424
118
366
515
151
598
409
630
261
753
128
72
258
505
988
181
728
183
581
244
680
485
185
195
462
143
934
103
623
166
777
829
468
450
961
663
853
959
448
817
417
285
415
879
483
301
314
346
214
385
10
820
655
199
225
915
600
854
525
64
894
90
993
730
518
868
111
784
259
503
931
100
424
155
885
194
803
1007
655
398
163
541
246
824
534
646
1005
998
284
440
236
958
787
81
343
58
335
1004
221
16
1005
138
759
786
936
916
822
786
308
1003
323
810
301
738
974
355
57
834
712
858
599
639
41
320
811
392
408
538
112
872
282
490
341
17
354
633
658
968
509
669
572
959
900
695
598
298
672
47
441
201
898
317
594
896
1004
356
936
641
734
355
304
893
57
617
634
18
320
459
291
551
144
278
207
514
334
615
861
240
426
743
27
743
305
930
307
366
507
992
120
474
347
366
509
85
601
745
648
407
846
588
659
337
494
574
540
278
469
10
685
932
130
285
280
758
344
916
567
429
340
183
250
367
46
460
876
483
367
67
134
1007
490
510
560
810
445
987
983
716
355
628
756
1006
1006
957
419
70
873
480
337
705
827
909
757
197
130
74
804
575
935
14
278
318
299
66
535
511
390
612
274
570
331
885
138
218
353
547
615
318
79
1005
481
796
404
170
244
888
1003
415
238
512
100
902
327
476
535
115
669
807
694
626
906
553
945
169
104
360
60
520
684
739
116
984
283
948
230
858
82
555
670
444
995
949
38
161
270
539
568
206
322
817
95
35
820
831
265
595
997
340
517
407
787
889
635
949
622
640
974
31
910
551
357
768
501
85
682
466
948
299
827
861
186
777
639
868
556
128
781
81
302
20
382
687
364
668
430
810
561
526
231
120
381
249
595
381
491
442
693
499
658
420
795
965
633
835
850
42
413
972
541
948
380
32
806
905
437
701
211
27
376
516
895
614
526
383
845
112
690
650
172
572
726
545
419
1007
169
370
209
322
142
413
464
783
462
633
720
102
36
450
214
195
192
594
498
207
946
739
678
233
227
191
217
828
616
438
45
173
302
661
410
594
440
674
521
58
249
838
285
369
848
449
777
123
999
227
351
119
384
854
242
384
304
241
737
259
548
166
64
281
224
708
938
711
662
121
43
646
964
995
794
807
736
105
285
173
813
387
971
754
128
805
99
647
851
486
833
391
313
274
96
262
965
656
361
842
283
527
643
883
714
545
260
61
221
717
327
972
658
682
368
398
701
673
114
228
993
771
213
258
862
36
415
932
950
407
524
652
908
497
527
339
241
192
10
513
883
567
105
163
343
992
203
155
932
355
359
348
687
873
289
883
593
895
499
337
424
925
648
220
418
901
337
298
814
446
450
616
700
948
105
744
804
251
462
380
604
316
896
733
770
738
688
638
877
502
926
246
31
256
538
392
724
583
103
132
578
400
869
812
35
374
146
760
423
494
525
765
688
214
733
780
271
953
176
589
206
166
816
17
923
566
643
953
127
797
761
372
650
86
377
968
940
993
828
438
709
590
424
125
340
110
135
9
251
910
178
991
734
673
821
424
781
286
743
401
493
696
859
786
90
368
416
136
22
850
704
492
730
245
266
619
362
36
664
251
166
14
15
907
222
719
237
468
421
184
137
124
617
321
841
887
77
667
173
126
941
837
900
41
361
567
290
219
151
866
495
585
125
633
737
904
704
567
389
296
718
52
321
215
763
46
323
539
319
146
511
510
126
277
284
897
281
709
919